path: 100_10.txt 12
1 10 2 3 4 5 6 7 8 9 => 11
10 2 3 4 5 6 7 8 9 => 11
1 2 3 4 5 6 7 8 9 => 18
1 10 2 3 5 6 7 8 9 => 11
1 10 2 3 4 6 7 8 9 => 11
1 10 2 3 4 5 6 7 8 => 11
10 3 4 5 6 7 8 9 => 11
10 2 3 5 6 7 8 9 => 11
10 2 3 4 6 7 8 9 => 11
10 2 3 4 5 6 8 9 => 11
10 2 3 4 5 6 7 9 => 11
10 2 3 4 5 6 7 8 => 11
1 3 4 5 6 7 8 9 => 18
1 2 3 5 6 7 8 9 => 18
1 2 3 4 6 7 8 9 => 18
1 2 3 4 5 6 8 9 => 18
1 2 3 4 5 6 7 9 => 18
1 10 4 5 6 7 8 9 => 11
1 10 3 5 6 7 8 9 => 11
1 10 3 4 6 7 8 9 => 11
1 10 3 4 5 7 8 9 => 11
1 10 3 4 5 6 8 9 => 11
1 10 3 4 5 6 7 8 => 11
1 10 2 5 6 7 8 9 => 11
1 10 2 4 6 7 8 9 => 11
1 10 2 4 5 7 8 9 => 11
1 10 2 4 5 6 8 9 => 11
1 10 2 4 5 6 7 8 => 11
1 10 2 3 4 7 8 9 => 11
1 10 2 3 4 6 8 9 => 11
1 10 2 3 4 6 7 9 => 11
1 10 2 3 4 6 7 8 => 11
1 10 2 3 4 5 8 9 => 11
1 10 2 3 4 5 7 9 => 11
1 10 2 3 4 5 6 8 => 11
1 2 3 4 5 6 7 8 => 28
2 4 5 6 7 8 9 => 18
2 3 4 5 6 8 9 => 18
10 4 5 6 7 8 9 => 11
10 3 5 6 7 8 9 => 11
10 3 4 5 6 8 9 => 11
10 3 4 5 6 7 9 => 11
10 3 4 5 6 7 8 => 11
10 2 5 6 7 8 9 => 11
10 2 4 6 7 8 9 => 11
10 2 4 5 7 8 9 => 11
10 2 4 5 6 7 8 => 11
10 2 3 5 7 8 9 => 11
10 2 3 5 6 7 8 => 11
10 2 3 4 6 7 9 => 11
10 2 3 4 6 7 8 => 11
10 2 3 4 5 7 9 => 11
10 2 3 4 5 6 8 => 11
10 2 3 4 5 6 7 => 11
1 4 5 6 7 8 9 => 18
1 3 5 6 7 8 9 => 18
1 3 4 6 7 8 9 => 18
1 3 4 5 6 8 9 => 18
1 3 4 5 6 7 9 => 18
1 2 4 5 6 7 9 => 18
1 2 3 6 7 8 9 => 18
1 2 3 5 7 8 9 => 18
1 2 3 5 6 7 9 => 18
1 2 3 4 7 8 9 => 18
1 2 3 4 6 7 9 => 18
1 10 5 6 7 8 9 => 11
1 10 4 6 7 8 9 => 11
1 10 4 5 6 8 9 => 11
1 10 4 5 6 7 9 => 11
1 10 3 5 6 7 8 => 11
1 10 3 4 7 8 9 => 11
1 10 3 4 6 8 9 => 11
1 10 3 4 5 7 9 => 11
1 10 3 4 5 7 8 => 11
1 10 2 6 7 8 9 => 11
1 10 3 4 5 6 7 => 11
1 10 2 5 6 8 9 => 11
1 10 2 5 6 7 9 => 11
1 10 2 3 5 6 7 9 => 11
1 10 2 4 7 8 9 => 11
1 10 2 4 6 8 9 => 11
1 10 2 4 6 7 9 => 11
10 2 3 4 6 8 9 => 11
1 10 2 4 5 8 9 => 11
1 10 2 4 5 7 9 => 11
1 10 2 4 5 6 8 => 11
1 10 2 3 6 8 9 => 11
1 10 2 3 6 7 9 => 11
1 10 2 3 5 7 9 => 11
1 10 2 3 5 6 9 => 11
1 10 2 3 5 6 7 => 11
1 10 2 3 4 8 9 => 11
3 4 5 6 7 8 9 => 18
1 10 2 3 4 7 9 => 11
1 10 2 3 4 7 8 => 11
1 10 2 3 4 6 9 => 11
1 10 2 3 4 5 9 => 11
1 10 2 3 4 5 8 => 11
1 10 2 3 4 5 7 => 11
2 3 4 5 6 7 8 => 28
1 3 4 5 6 7 8 => 28
1 2 3 4 5 6 8 => 28
1 2 3 4 5 6 7 => 43
3 5 6 7 8 9 => 18
3 4 6 7 8 9 => 18
1 2 3 5 6 8 9 => 18
3 4 5 7 8 9 => 18
3 4 5 6 8 9 => 18
3 4 5 6 7 9 => 18
2 4 6 7 8 9 => 18
2 4 5 6 8 9 => 18
10 2 4 5 6 7 9 => 11
2 4 5 6 7 9 => 18
10 2 3 4 5 7 8 9 => 11
2 3 6 7 8 9 => 18
2 3 5 6 8 9 => 18
2 3 4 7 8 9 => 18
2 3 4 6 8 9 => 18
2 3 4 5 7 9 => 18
2 3 4 5 6 9 => 18
10 5 6 7 8 9 => 11
10 4 6 7 8 9 => 11
10 4 5 6 8 9 => 11
10 2 4 5 6 8 9 => 11
10 4 5 6 7 8 => 11
10 3 6 7 8 9 => 11
10 3 5 6 8 9 => 11
10 3 5 6 7 9 => 11
10 3 5 6 7 8 => 11
10 3 4 7 8 9 => 11
10 3 4 6 7 9 => 11
10 3 4 6 7 8 => 11
10 3 4 5 8 9 => 11
10 3 4 5 7 8 => 11
10 3 4 5 6 9 => 11
2 3 4 6 7 8 9 => 18
10 3 4 5 6 8 => 11
10 2 5 7 8 9 => 11
10 2 5 6 7 9 => 11
10 2 5 6 7 8 => 11
10 2 4 7 8 9 => 11
1 10 2 3 5 7 8 => 11
10 2 4 6 7 9 => 11
10 2 4 5 8 9 => 11
1 10 2 4 5 6 9 => 11
10 2 4 5 7 9 => 11
10 2 4 5 6 8 => 11
10 2 4 5 6 7 => 11
10 2 3 6 8 9 => 11
10 2 3 6 7 9 => 11
10 2 3 5 8 9 => 11
10 2 3 5 7 8 => 11
10 2 3 5 6 8 => 11
10 2 3 5 6 7 => 11
10 2 3 4 7 9 => 11
10 2 3 4 6 9 => 11
10 2 3 4 6 8 => 11
10 2 3 4 6 7 => 11
10 2 3 4 5 8 => 11
10 2 3 4 5 6 => 11
1 5 6 7 8 9 => 18
1 4 5 6 8 9 => 18
1 3 6 7 8 9 => 18
1 3 5 7 8 9 => 18
1 3 5 6 8 9 => 18
1 3 4 7 8 9 => 18
1 3 4 6 8 9 => 18
2 3 5 7 8 9 => 18
1 3 4 6 7 9 => 18
1 3 4 5 7 9 => 18
1 2 5 7 8 9 => 18
1 2 5 6 7 9 => 18
1 2 4 7 8 9 => 18
1 2 4 6 8 9 => 18
4 5 6 7 8 9 => 18
1 2 4 6 7 9 => 18
1 2 4 5 7 9 => 18
1 2 3 7 8 9 => 18
1 2 3 6 8 9 => 18
1 2 3 5 8 9 => 18
1 2 3 4 5 8 9 => 18
1 2 3 5 7 9 => 18
1 2 3 5 6 9 => 18
10 2 3 4 7 8 9 => 11
1 2 3 4 7 9 => 18
1 2 3 4 5 9 => 18
1 10 5 6 8 9 => 11
1 10 5 6 7 8 => 11
1 10 4 7 8 9 => 11
1 2 3 4 5 7 8 => 28
1 10 4 6 8 9 => 11
1 10 4 6 7 9 => 11
2 3 4 5 8 9 => 18
1 10 4 6 7 8 => 11
1 10 4 5 8 9 => 11
1 10 4 5 7 8 => 11
10 2 4 6 8 9 => 11
1 10 4 5 6 9 => 11
1 10 4 5 6 8 => 11
1 10 4 5 6 7 => 11
1 10 3 6 7 9 => 11
1 10 3 6 7 8 => 11
1 10 3 5 8 9 => 11
1 10 3 5 7 9 => 11
1 10 3 5 6 9 => 11
1 10 3 5 6 8 => 11
1 10 3 5 6 7 => 11
1 10 3 4 7 9 => 11
1 10 3 4 8 => 11
1 10 2 3 5 6 8 9 => 11
2 4 6 7 8 => 28
10 3 5 8 => 11
10 2 4 5 6 7 8 9 => 11
10 3 4 9 => 11
2 3 4 7 9 => 18
10 3 4 6 => 11
10 8 => 11
10 2 8 9 => 11
10 2 7 8 => 11
1 2 3 9 => 18
10 2 6 9 => 11
1 10 6 8 9 => 11
10 2 6 7 => 11
1 4 5 7 8 9 => 18
1 10 2 6 7 9 => 11
7 8 => 28
10 2 5 8 => 11
2 7 9 => 18
1 7 => 43
1 10 3 4 6 7 9 => 11
10 3 4 5 => 11
1 10 2 6 8 => 11
10 2 5 6 => 11
1 2 4 6 8 => 28
10 2 4 7 => 11
10 3 6 9 => 11
1 3 6 => 52
10 2 5 6 8 => 11
10 2 4 5 => 11
10 2 3 4 => 11
10 3 5 7 8 9 => 11
1 7 8 9 => 18
10 7 9 => 11
10 2 4 7 8 => 11
1 2 4 5 7 8 9 => 18
1 6 8 9 => 18
1 10 2 4 => 11
2 7 => 43
1 6 7 9 => 18
10 2 3 4 8 9 => 11
1 5 8 9 => 18
2 5 6 8 => 28
1 5 7 9 => 18
2 5 => 62
1 5 6 9 => 18
1 4 7 9 => 18
10 2 3 9 => 11
1 3 8 9 => 18
1 10 3 9 => 11
1 3 5 7 8 => 28
1 10 2 3 4 => 11
1 3 7 9 => 18
1 4 6 7 => 43
1 3 6 9 => 18
2 3 5 7 => 43
3 6 => 52
2 3 4 9 => 18
1 2 8 9 => 18
1 10 3 4 5 8 9 => 11
10 3 6 7 8 => 11
10 3 6 7 9 => 11
1 3 4 9 => 18
1 2 3 4 5 6 9 => 18
1 2 7 9 => 18
1 2 6 9 => 18
1 4 5 7 9 => 18
1 10 8 9 => 11
1 10 7 8 => 11
1 2 4 6 7 => 43
10 3 7 8 => 11
1 10 6 9 => 11
1 2 4 5 6 7 8 9 => 18
1 10 6 8 => 11
1 10 6 7 => 11
1 10 3 4 8 9 => 11
1 4 6 => 52
2 3 5 7 9 => 18
1 10 4 9 => 11
1 10 4 7 => 11
1 5 7 8 9 => 18
1 10 2 3 4 5 6 7 => 11
10 3 4 5 7 => 11
1 10 3 7 => 11
10 5 7 => 11
1 10 3 4 => 11
1 10 2 9 => 11
1 10 2 3 => 11
1 10 2 3 4 6 8 => 11
1 4 5 6 => 52
1 10 2 4 6 8 => 11
10 2 3 4 7 8 => 11
2 5 7 8 9 => 18
3 4 6 8 => 28
2 5 6 7 9 => 18
10 3 4 5 7 8 9 => 11
3 4 5 8 => 28
2 5 7 8 => 28
1 2 5 6 8 9 => 18
1 3 6 7 => 43
2 6 8 => 28
10 4 6 8 => 11
1 2 4 8 9 => 18
2 4 5 8 => 28
1 6 7 8 => 28
1 4 5 8 => 28
1 5 6 8 => 28
1 3 6 8 => 28
1 5 7 8 => 28
10 2 4 6 7 8 => 11
10 6 8 9 => 11
1 10 5 7 => 11
1 3 4 8 => 28
4 5 => 62
1 2 5 8 => 28
10 2 9 => 11
1 10 5 6 7 => 11
3 5 6 7 => 43
1 2 3 4 6 8 9 => 18
3 6 7 => 43
1 2 3 6 7 => 43
1 10 6 7 8 9 => 11
10 2 3 5 => 11
1 3 4 5 7 8 9 => 18
4 5 6 8 => 28
1 2 4 5 9 => 18
2 4 5 7 => 43
1 10 4 5 7 9 => 11
10 3 5 7 8 => 11
2 4 5 6 => 52
2 3 4 5 9 => 18
1 10 2 4 5 9 => 11
10 2 3 4 5 6 9 => 11
1 5 6 7 => 43
1 4 5 7 => 43
1 3 5 7 => 43
1 3 5 6 => 52
10 3 4 6 8 9 => 11
10 2 5 7 => 11
1 10 5 6 8 => 11
4 5 6 7 => 43
1 3 4 5 8 9 => 18
2 3 4 7 => 43
3 9 => 18
2 5 6 9 => 18
1 2 5 7 => 43
2 9 => 18
1 2 4 5 => 62
10 2 4 => 11
2 6 7 8 => 28
1 2 3 7 => 43
1 10 2 4 5 7 => 11
7 8 9 => 18
2 3 5 8 => 28
10 4 5 7 8 => 11
6 8 9 => 18
1 10 2 3 5 8 9 => 11
5 8 9 => 18
1 10 2 3 4 5 6 9 => 11
5 6 9 => 18
4 8 9 => 18
1 10 3 5 6 => 11
1 10 3 4 7 8 => 11
4 7 9 => 18
1 7 8 => 28
2 3 4 5 6 7 9 => 18
10 2 3 5 6 7 9 => 11
10 4 5 8 => 11
10 2 3 7 => 11
5 7 9 => 18
1 4 5 => 62
1 10 7 9 => 11
1 10 2 3 4 6 7 => 11
1 4 5 7 8 => 28
10 3 4 5 6 7 => 11
1 10 5 9 => 11
1 2 3 4 7 8 => 28
10 7 => 11
10 4 8 => 11
2 6 => 52
1 2 7 => 43
1 10 3 => 11
6 7 9 => 18
10 7 8 => 11
1 10 2 3 8 => 11
10 2 3 6 7 8 => 11
3 5 6 7 9 => 18
10 5 6 8 9 => 11
10 5 8 9 => 11
1 10 2 3 4 7 => 11
3 5 6 9 => 18
1 10 3 4 5 8 => 11
1 2 3 5 6 8 => 28
10 2 4 9 => 11
1 2 3 4 => 73
4 5 6 7 9 => 18
10 4 7 => 11
3 5 => 62
1 10 4 6 7 => 11
1 10 2 7 => 11
1 2 3 5 9 => 18
1 10 2 3 4 5 7 8 => 11
6 9 => 18
1 10 3 7 9 => 11
4 5 7 8 => 28
1 10 2 3 7 8 9 => 11
1 10 2 3 5 6 8 => 11
10 2 3 4 5 7 => 11
4 9 => 18
5 9 => 18
10 3 4 6 7 8 9 => 11
10 3 8 => 11
1 10 2 4 9 => 11
1 2 3 6 7 9 => 18
1 4 6 8 => 28
1 2 4 6 7 8 9 => 18
10 3 6 8 => 11
1 5 6 8 9 => 18
3 4 5 7 => 43
10 4 5 7 8 9 => 11
7 9 => 18
5 6 7 => 43
10 2 6 => 11
10 3 4 8 => 11
6 7 8 => 28
3 6 7 8 => 28
1 3 5 => 62
10 2 3 7 8 9 => 11
2 4 7 8 => 28
4 6 7 9 => 18
1 2 3 4 6 9 => 18
10 3 5 9 => 11
1 6 7 => 43
10 3 7 9 => 11
3 4 6 7 9 => 18
1 10 2 => 11
1 2 5 6 7 8 9 => 18
1 10 => 11
1 2 3 8 => 28
1 3 4 7 9 => 18
1 4 => 73
4 6 7 => 43
1 10 2 3 6 7 8 9 => 11
1 2 3 4 6 7 => 43
10 2 6 7 8 9 => 11
10 6 8 => 11
8 => 28
2 4 5 => 62
1 10 3 8 => 11
1 2 3 7 8 => 28
10 4 => 11
3 6 8 9 => 18
1 3 5 6 7 9 => 18
10 2 4 8 => 11
10 3 4 => 11
10 2 4 5 6 9 => 11
1 10 3 4 5 => 11
10 4 5 9 => 11
3 5 6 8 => 28
7 => 43
1 10 4 5 => 11
10 3 5 6 9 => 11
1 2 3 5 7 8 => 28
3 5 8 => 28
4 6 8 => 28
1 10 2 5 7 9 => 11
1 2 4 5 6 8 9 => 18
1 10 2 4 7 => 11
10 4 5 6 7 9 => 11
2 5 6 => 52
1 2 6 => 52
10 2 3 4 5 7 8 => 11
1 2 3 5 6 7 8 => 28
1 5 7 => 43
3 4 => 73
10 2 5 9 => 11
2 3 4 5 7 8 => 28
10 2 3 6 8 => 11
10 2 => 11
1 10 2 5 7 8 => 11
4 => 73
10 2 4 5 7 => 11
2 => 92
10 4 5 7 => 11
1 10 2 5 6 7 8 => 11
10 3 4 7 9 => 11
3 4 6 => 52
1 2 9 => 18
1 10 5 7 8 9 => 11
4 5 8 => 28
1 10 2 3 4 5 7 8 9 => 11
1 10 4 5 6 7 8 => 11
2 3 7 => 43
10 6 => 11
6 8 => 28
2 4 6 7 => 43
10 3 5 7 => 11
2 3 5 6 => 52
1 10 3 5 6 8 9 => 11
6 => 52
1 2 => 92
10 5 9 => 11
1 10 4 => 11
2 3 9 => 18
4 6 9 => 18
1 10 3 7 8 9 => 11
4 6 => 52
1 10 8 => 11
1 10 3 4 6 7 8 => 11
1 4 8 => 28
1 2 3 5 8 => 28
10 2 3 5 6 9 => 11
10 2 6 8 => 11
1 10 3 6 7 8 9 => 11
1 3 4 6 9 => 18
1 2 3 4 5 7 9 => 18
2 3 5 8 9 => 18
4 8 => 28
5 6 8 => 28
4 6 7 8 => 28
5 7 => 43
1 2 4 5 6 8 => 28
1 2 4 5 6 9 => 18
10 3 4 7 => 11
1 10 4 8 => 11
10 9 => 11
2 4 7 8 9 => 18
1 4 9 => 18
9 => 18
1 2 3 4 5 7 8 9 => 18
1 2 5 8 9 => 18
4 7 8 => 28
10 2 5 7 9 => 11
4 5 7 8 9 => 18
3 4 9 => 18
1 2 6 7 8 9 => 18
3 8 9 => 18
1 10 2 4 8 9 => 11
2 3 4 8 => 28
10 2 5 6 8 9 => 11
1 8 => 28
1 3 9 => 18
2 6 9 => 18
1 4 8 9 => 18
3 4 5 6 => 52
4 5 9 => 18
1 10 3 4 6 => 11
10 3 8 9 => 11
10 5 6 9 => 11
3 4 7 8 => 28
2 3 7 8 => 28
10 2 4 6 7 => 11
1 10 2 5 6 7 => 11
1 7 9 => 18
1 8 9 => 18
1 3 5 9 => 18
2 8 => 28
1 10 2 3 4 5 6 8 9 => 11
10 5 => 11
1 3 7 8 => 28
2 4 6 => 52
3 4 5 => 62
10 2 5 7 8 => 11
2 3 6 8 => 28
1 10 2 3 5 7 8 9 => 11
2 3 4 6 => 52
1 10 9 => 11
3 8 => 28
1 10 2 3 7 => 11
1 5 8 => 28
3 4 8 => 28
1 3 4 6 7 => 43
3 5 6 => 52
1 10 2 5 6 8 => 11
1 5 9 => 18
3 4 7 => 43
3 5 7 => 43
10 2 4 5 6 => 11
2 5 6 7 => 43
1 3 7 => 43
1 3 4 7 => 43
10 3 5 6 => 11
1 10 7 8 9 => 11
1 3 6 8 9 => 18
1 10 2 5 7 8 9 => 11
1 4 5 9 => 18
4 5 6 => 52
1 10 2 3 6 7 8 => 11
3 6 8 => 28
10 2 3 4 6 => 11
2 5 8 => 28
2 7 8 => 28
1 2 4 7 => 43
10 3 6 7 => 11
1 5 6 => 52
1 3 => 85
1 10 6 => 11
1 10 2 5 => 11
1 3 5 8 9 => 18
3 7 => 43
3 7 8 => 28
6 7 => 43
1 10 5 => 11
2 5 9 => 18
2 3 6 9 => 18
10 2 8 => 11
10 2 4 6 => 11
2 3 5 => 62
10 6 9 => 11
1 10 5 6 => 11
10 2 3 6 7 8 9 => 11
1 10 7 => 11
1 3 6 7 8 => 28
1 10 2 8 => 11
10 5 8 => 11
1 2 5 6 => 52
1 10 2 3 5 9 => 11
1 10 3 7 8 => 11
2 3 4 6 8 => 28
1 10 2 4 5 6 7 => 11
10 2 7 => 11
2 8 9 => 18
10 3 5 => 11
1 2 4 5 8 9 => 18
3 => 85
1 10 4 7 9 => 11
1 10 2 3 5 6 7 8 => 11
10 3 6 => 11
10 3 7 => 11
1 2 4 5 6 => 52
2 3 6 7 => 43
1 2 5 6 8 => 28
10 3 => 11
10 4 5 => 11
2 4 9 => 18
1 3 4 6 => 52
2 4 8 => 28
10 3 9 => 11
10 4 6 => 11
1 2 6 7 9 => 18
10 5 6 => 11
10 2 7 9 => 11
2 6 7 => 43
10 2 3 => 11
2 6 8 9 => 18
2 3 5 6 7 => 43
10 6 7 8 9 => 11
1 2 4 => 73
10 8 9 => 11
1 10 3 4 5 6 => 11
3 5 9 => 18
1 2 3 6 => 52
2 3 4 6 7 8 => 28
1 2 3 4 5 => 62
3 7 9 => 18
1 2 6 7 => 43
1 2 8 => 28
2 3 4 5 8 => 28
1 10 2 4 5 6 7 8 9 => 11
2 4 5 8 9 => 18
5 6 7 8 => 28
2 4 6 8 => 28
1 3 5 6 9 => 18
3 7 8 9 => 18
10 2 3 6 9 => 11
10 4 6 9 => 11
10 4 7 8 => 11
1 10 2 4 5 7 8 => 11
5 7 8 => 28
2 3 8 9 => 18
1 10 5 6 7 9 => 11
10 4 7 9 => 11
2 3 => 85
10 3 4 6 7 => 11
10 4 8 9 => 11
10 5 6 7 => 11
1 3 4 5 7 8 => 28
10 5 6 8 => 11
1 10 3 4 5 6 7 9 => 11
10 5 7 8 => 11
10 6 7 8 => 11
10 2 3 5 6 8 9 => 11
5 6 8 9 => 18
1 2 7 8 => 28
10 6 7 9 => 11
10 7 8 9 => 11
1 6 8 => 28
2 3 5 9 => 18
1 2 3 4 6 7 8 => 28
2 3 7 9 => 18
2 4 5 9 => 18
10 2 3 4 5 8 9 => 11
2 4 6 9 => 18
2 4 7 9 => 18
1 10 2 3 4 5 6 => 11
2 4 8 9 => 18
2 5 7 9 => 18
2 5 8 9 => 18
5 => 62
4 7 => 43
1 10 4 5 6 => 11
2 6 7 9 => 18
10 2 6 7 8 => 11
10 4 9 => 11
2 7 8 9 => 18
3 4 5 6 7 8 => 28
1 2 3 6 9 => 18
10 2 4 7 9 => 11
3 4 6 9 => 18
1 10 2 3 9 => 11
3 4 7 9 => 18
1 2 3 5 6 7 => 43
1 2 5 => 62
3 5 7 9 => 18
1 3 5 6 7 => 43
1 4 6 7 8 => 28
6 7 8 9 => 18
10 3 4 5 7 9 => 11
1 2 5 9 => 18
1 10 2 5 9 => 11
3 6 7 9 => 18
10 2 7 8 9 => 11
4 5 6 9 => 18
1 10 2 3 5 => 11
1 10 3 8 9 => 11
10 6 7 => 11
4 5 7 9 => 18
1 10 3 4 5 6 9 => 11
1 4 6 9 => 18
2 3 4 => 73
4 5 8 9 => 18
4 6 8 9 => 18
1 10 5 8 => 11
5 8 => 28
4 7 8 9 => 18
2 3 4 5 6 => 52
10 2 4 5 7 8 => 11
5 6 7 9 => 18
1 2 3 4 6 => 52
1 10 3 5 7 8 9 => 11
1 4 5 6 7 => 43
1 2 4 5 6 7 8 => 28
1 3 4 5 => 62
1 10 2 7 9 => 11
1 10 2 3 4 5 => 11
1 2 3 4 7 => 43
1 2 3 5 7 => 43
1 2 5 6 7 => 43
1 4 6 7 8 9 => 18
1 2 4 5 7 => 43
10 3 4 7 8 => 11
2 4 6 7 9 => 18
1 3 4 5 6 => 52
10 2 3 6 => 11
1 3 4 5 7 => 43
3 4 6 7 => 43
10 5 6 7 8 => 11
10 5 6 7 9 => 11
2 3 4 5 7 => 43
2 3 4 6 7 => 43
1 4 5 6 9 => 18
2 4 5 6 7 => 43
10 4 6 8 9 => 11
3 4 5 6 7 => 43
1 2 3 4 8 => 28
10 2 3 7 9 => 11
1 => 100
1 2 3 6 8 => 28
1 2 4 5 8 => 28
1 2 4 7 8 => 28
1 2 5 7 8 => 28
3 5 7 8 => 28
1 3 4 5 8 => 28
1 3 4 6 8 => 28
1 3 4 7 8 => 28
1 3 5 6 8 => 28
10 => 11
1 4 5 6 8 => 28
10 2 3 5 7 9 => 11
1 5 6 7 8 => 28
2 3 4 7 8 => 28
2 3 5 6 8 => 28
10 2 3 4 9 => 11
5 6 => 52
2 3 6 7 8 => 28
1 10 2 6 => 11
2 4 5 6 8 => 28
1 10 4 5 8 => 11
2 4 5 7 8 => 28
1 2 3 5 6 => 52
3 4 5 7 8 => 28
3 4 6 7 8 => 28
3 5 6 7 8 => 28
4 5 6 7 8 => 28
2 3 5 6 7 8 9 => 18
2 5 6 7 8 => 28
1 10 2 4 5 => 11
1 10 2 4 8 => 11
1 10 3 4 5 6 8 => 11
3 6 9 => 18
1 10 2 5 7 => 11
1 3 8 => 28
1 10 2 5 8 => 11
1 10 2 3 4 5 6 7 9 => 11
10 2 5 => 11
1 10 2 6 7 => 11
1 10 2 6 9 => 11
3 4 5 6 8 => 28
1 10 3 5 7 => 11
10 2 3 8 => 11
10 3 4 8 9 => 11
2 5 6 7 8 9 => 18
1 10 2 7 8 => 11
1 10 3 4 5 6 7 8 9 => 11
1 10 3 5 7 8 => 11
1 10 3 4 7 => 11
1 10 3 4 9 => 11
1 10 3 5 8 => 11
2 5 7 => 43
1 10 2 6 7 8 => 11
10 5 7 8 9 => 11
1 10 3 6 7 => 11
4 5 6 8 9 => 18
1 10 4 6 => 11
1 10 3 6 8 => 11
1 10 4 6 9 => 11
5 6 7 8 9 => 18
1 10 3 6 9 => 11
1 10 4 5 9 => 11
10 4 6 7 => 11
3 4 8 9 => 18
1 10 4 6 8 => 11
10 3 5 8 9 => 11
1 10 2 5 6 => 11
1 10 5 6 9 => 11
1 10 5 7 8 => 11
1 10 5 8 9 => 11
1 10 2 8 9 => 11
1 10 6 7 9 => 11
2 4 5 7 8 9 => 18
1 2 3 4 9 => 18
1 2 3 7 9 => 18
1 10 2 4 6 => 11
1 10 2 4 5 8 => 11
1 2 3 8 9 => 18
1 3 4 5 6 9 => 18
1 2 4 6 9 => 18
1 2 3 => 85
1 10 3 4 6 7 => 11
1 2 4 7 9 => 18
1 2 5 6 9 => 18
10 2 3 4 5 9 => 11
1 3 5 7 9 => 18
1 10 4 7 8 => 11
10 2 3 7 8 => 11
1 10 2 3 7 8 => 11
1 10 4 5 7 => 11
1 2 5 7 9 => 18
2 3 7 8 9 => 18
1 10 2 3 6 => 11
1 2 6 8 9 => 18
1 2 7 8 9 => 18
1 10 3 5 => 11
1 3 4 5 9 => 18
1 4 5 6 7 9 => 18
10 4 5 6 => 11
3 5 6 8 9 => 18
1 2 4 8 => 28
4 5 7 => 43
1 3 7 8 9 => 18
1 4 5 8 9 => 18
1 5 6 7 9 => 18
2 4 => 73
1 4 6 7 9 => 18
10 3 4 6 9 => 11
1 4 6 8 9 => 18
1 4 7 8 9 => 18
1 6 7 8 9 => 18
10 2 3 4 5 => 11
10 2 3 4 8 => 11
10 2 3 5 6 => 11
10 2 3 5 7 => 11
1 2 6 7 8 => 28
10 2 3 5 8 => 11
1 10 2 4 7 8 => 11
10 2 3 6 7 => 11
10 2 3 8 9 => 11
2 3 4 5 6 7 8 9 => 18
1 10 3 5 6 7 9 => 11
2 4 7 => 43
10 2 4 5 8 => 11
1 10 3 6 8 9 => 11
10 2 4 5 9 => 11
1 10 2 4 6 7 8 => 11
10 2 4 6 9 => 11
10 4 5 8 9 => 11
10 2 4 8 9 => 11
10 3 6 8 9 => 11
3 4 5 8 9 => 18
10 2 5 6 7 => 11
1 2 3 4 8 9 => 18
1 10 3 6 => 11
10 2 5 6 9 => 11
10 2 3 4 7 => 11
10 3 5 6 7 => 11
10 2 5 8 9 => 11
10 3 4 5 9 => 11
1 4 7 8 => 28
10 2 6 7 9 => 11
1 10 2 4 5 6 7 9 => 11
2 3 6 => 52
10 3 4 5 6 => 11
1 10 5 7 9 => 11
1 10 2 7 8 9 => 11
1 3 5 8 => 28
10 3 4 5 8 => 11
8 9 => 18
10 3 4 6 8 => 11
3 4 5 9 => 18
10 3 5 6 8 => 11
10 2 3 5 9 => 11
1 10 2 3 8 9 => 11
10 3 5 7 9 => 11
10 3 7 8 9 => 11
1 2 3 5 => 62
3 5 8 9 => 18
10 4 5 6 7 => 11
1 9 => 18
10 4 5 6 8 => 11
10 4 5 6 9 => 11
10 4 7 8 9 => 11
1 10 4 8 9 => 11
1 3 6 7 9 => 18
10 4 5 7 9 => 11
10 4 6 7 8 => 11
1 3 4 8 9 => 18
10 4 6 7 9 => 11
2 3 4 6 9 => 18
1 10 2 4 7 9 => 11
2 3 4 8 9 => 18
2 3 4 5 7 8 9 => 18
2 3 5 6 9 => 18
10 5 7 9 => 11
2 3 8 => 28
2 3 6 7 9 => 18
1 2 4 6 => 52
2 3 4 5 6 7 => 43
1 10 2 3 5 8 => 11
2 3 6 8 9 => 18
2 4 5 7 9 => 18
2 4 6 8 9 => 18
2 3 5 6 7 8 => 28
2 5 6 8 9 => 18
1 3 4 => 73
2 6 7 8 9 => 18
3 4 5 6 9 => 18
3 4 5 7 9 => 18
3 4 6 8 9 => 18
1 10 2 6 8 9 => 11
5 7 8 9 => 18
4 6 7 8 9 => 18
3 4 7 8 9 => 18
3 5 7 8 9 => 18
3 6 7 8 9 => 18
1 2 3 4 5 6 => 52
1 2 4 5 6 7 => 43
2 4 5 6 9 => 18
1 3 4 5 6 7 => 43
1 2 3 4 5 8 => 28
2 3 5 6 7 9 => 18
1 2 3 4 6 8 => 28
1 10 4 5 7 8 9 => 11
1 2 3 6 7 8 => 28
1 2 4 5 7 8 => 28
1 2 5 6 7 8 => 28
1 10 3 5 9 => 11
2 3 5 7 8 => 28
1 3 4 5 6 8 => 28
1 6 9 => 18
1 2 4 9 => 18
1 3 4 6 7 8 => 28
1 3 5 6 7 8 => 28
1 5 => 62
1 4 5 6 7 8 => 28
2 3 4 5 6 8 => 28
2 4 5 6 7 8 => 28
1 10 2 3 4 6 => 11
1 4 7 => 43
1 10 2 3 4 8 => 11
1 10 2 3 4 9 => 11
1 10 2 3 5 6 => 11
10 2 4 6 8 => 11
1 10 2 3 5 7 => 11
1 10 6 7 8 => 11
1 10 2 3 6 7 => 11
1 2 3 4 5 7 => 43
1 10 2 3 6 8 => 11
1 6 => 52
1 10 2 3 6 9 => 11
2 3 4 6 7 9 => 18
1 2 6 8 => 28
1 10 2 3 7 9 => 11
2 3 4 5 => 62
1 10 2 4 5 6 => 11
1 10 2 4 6 7 => 11
1 10 2 4 6 9 => 11
1 2 4 6 7 8 => 28
1 10 2 5 6 9 => 11
1 10 2 5 8 9 => 11
1 10 3 4 5 7 => 11
10 2 6 8 9 => 11
1 10 3 4 5 9 => 11
1 10 3 4 6 8 => 11
1 10 3 4 6 9 => 11
