#3904
13
O
C
C
C
C
N
Cl
C
C
C
C
Cl
C
14
0 1 1
1 2 2
1 3 1
2 4 1
2 5 1
3 6 1
3 7 2
4 8 2
4 9 1
5 10 2
7 8 1
8 11 1
9 12 2
10 12 1
#3927
14
N
C
C
C
O
C
C
C
S
O
N
C
S
C
15
0 1 1
0 2 1
1 3 1
1 4 2
2 5 2
2 6 1
5 7 1
5 8 1
6 9 2
6 10 1
7 11 2
7 10 1
8 12 1
10 13 1
11 12 1
#3929
17
O
N
Cu
C
O
O
N
C
C
C
C
O
C
C
C
C
C
20
0 1 1
1 2 1
1 3 2
2 4 1
2 5 1
2 6 1
3 7 1
4 8 1
4 9 1
5 10 1
5 7 1
6 11 1
6 12 2
7 13 2
8 14 2
8 12 1
9 15 2
10 16 2
13 16 1
14 15 1
#3937
21
O
C
O
C
Cu
C
C
N
N
O
C
C
C
C
C
C
C
O
C
C
C
24
0 1 2
1 2 1
1 3 1
2 4 1
3 5 2
3 6 1
4 7 1
4 8 1
4 9 1
5 10 1
5 8 1
6 11 2
7 12 1
9 13 1
10 14 2
11 14 1
12 15 2
12 16 1
13 17 2
13 15 1
15 18 1
16 19 2
18 20 2
19 20 1
#3951
19
O
C
C
O
C
C
C
C
C
C
N
C
C
C
C
C
C
C
C
21
0 1 1
0 2 1
1 3 2
1 4 1
2 5 2
2 6 1
4 7 2
4 8 1
5 9 1
5 10 1
6 11 2
7 12 1
8 13 2
9 14 2
9 15 1
10 16 2
11 14 1
12 17 2
13 17 1
15 18 2
16 18 1
#4108
33
Se
S
S
S
S
C
C
C
C
N
S
N
S
N
S
N
S
C
C
C
C
C
C
C
C
C
C
C
C
C
C
C
C
32
0 1 1
0 2 1
0 3 1
0 4 1
1 5 1
2 6 1
3 7 1
4 8 1
5 9 1
5 10 2
6 11 1
6 12 2
7 13 1
7 14 2
8 15 1
8 16 2
9 17 1
9 18 1
11 19 1
11 20 1
13 21 1
13 22 1
15 23 1
15 24 1
17 25 1
18 26 1
19 27 1
20 28 1
21 29 1
22 30 1
23 31 1
24 32 1
#4114
15
C
C
N
O
C
C
C
S
S
N
C
C
C
C
O
15
0 1 1
0 2 1
1 3 1
2 4 1
3 5 1
4 5 1
6 7 2
6 8 1
6 9 1
9 10 1
9 11 1
10 12 1
11 13 1
12 14 1
13 14 1
#4120
7
C
C
C
N
C
N
O
7
0 1 1
1 2 1
1 3 2
2 4 1
3 5 1
4 6 2
4 5 1
#4140
12
Cl
C
C
C
C
C
C
C
O
C
C
O
13
0 1 1
1 2 2
1 3 1
2 4 1
3 5 2
4 6 2
4 7 1
5 6 1
6 8 1
7 9 2
8 10 1
9 10 1
10 11 2
